00000000000000000000000000000000
00000000000000000000011000000000
00000000000000000000111100100000
00000000000000000001001100100000
00000000000000000001110110100000
00000000000000000010011001000000
00000000000000000010111100010000
00000000000000000011101011000000
00000000000000000100000010010000
00000000000000000011111111100000
00000000000000000011111100100000
00000000000000000100001111010000
00000000000000000100001010010000
00000000000000000011111001110000
00000000000000000011011010110000
00000000000000000010010110110000
00000000000000000001111000100000
00000000000000000001010101010000
00000000000000000000011101010000
00000000000000000000000100110000
11111111111111111111100000000000
11111111111111111110111001010000
11111111111111111110110011100000
11111111111111111111010001100000
11111111111111111111010111100000
11111111111111111111010110000000
11111111111111111111111001000000
11111111111111111111110110000000
11111111111111111111110011100000
00000000000000000000000110110000
00000000000000000000000101010000
00000000000000000000000000010000
00000000000000000000000001010000
00000000000000000000011011110000
00000000000000000000000010000000
11111111111111111111111010110000
00000000000000000000000100000000
00000000000000000000001001110000
11111111111111111111111001100000
11111111111111111111110000010000
11111111111111111111010101000000
11111111111111111110011101000000
11111111111111111110010010000000
11111111111111111101111001110000
11111111111111111101011110100000
11111111111111111100101101010000
11111111111111111011111110100000
11111111111111111011011001110000
11111111111111111011010110000000
11111111111111111011100110100000
11111111111111111011101001110000
11111111111111111011011111110000
11111111111111111011100010010000
11111111111111111011110101110000
11111111111111111100100001000000
11111111111111111101000000100000
11111111111111111101100111010000
11111111111111111101111010100000
11111111111111111110001111100000
11111111111111111111001001100000
11111111111111111111110111000000
00000000000000000000101110010000
00000000000000000010000110100000
00000000000000000011001101010000
00000000000000000011110100100000
00000000000000000101001011000000
00000000000000000110001001000000
00000000000000000110101001100000
00000000000000000111001111010000
00000000000000000111011110110000
00000000000000000111010101100000
00000000000000000110110011100000
00000000000000000110010101000000
00000000000000000101011100010000
00000000000000000100101001010000
00000000000000000100000110000000
00000000000000000011000110000000
00000000000000000010011010110000
00000000000000000001000011110000
11111111111111111111101111010000
11111111111111111110111110010000
11111111111111111110001010000000
11111111111111111101000101100000
11111111111111111011110010000000
11111111111111111010101111010000
11111111111111111001100011000000
11111111111111111001000100100000
11111111111111111001001101100000
11111111111111111000111111010000
11111111111111111000110101000000
11111111111111111001001010100000
11111111111111111001110101000000
11111111111111111010010000100000
11111111111111111011000101110000
11111111111111111011110100110000
11111111111111111100101000110000
11111111111111111101100010000000
11111111111111111110100010100000
11111111111111111111011010000000
11111111111111111111111101100000
