0000000001100000
0000000010010010
0000000001000000
0000000010101000
0000000010001010
0000000010001101
0000000010111011
0000000001011101
0000000001010101
0000000010000110
0000000010001011
0000000010010100
0000000001001000
0000000000010001
1111111110101011
1111111111100100
1111111111001000
1111111110100110
0000000000101001
0000000000000001
1111111110101101
1111111111111010
0000000000100011
1111111111111100
1111111111000010
0000000000110010
0000000000011101
1111111111110111
1111111111111010
1111111111110100
0000000000001111
0000000000000000
0000000000101100
1111111111001011
0000000000000000
0000000000011100
0000000000010001
1111111110110011
1111111111101010
1111111110010011
1111111101001100
1111111110011111
1111111110011111
1111111110101111
1111111101001100
1111111011111000
1111111101010111
1111111110000100
1111111110001110
1111111110101100
1111111101110111
1111111110111001
1111111110011010
1111111110100101
1111111111010101
0000000000011111
1111111111011011
0000000000000000
0000000001011111
0000000001101111
0000000001110111
0000000100000110
0000000011110000
0000000010111100
0000000100110101
0000000011111000
0000000011100001
0000000100000110
0000000010110101
0000000011100001
0000000001101000
0000000001000010
0000000001010010
0000000000101100
0000000001010100
0000000000000110
0000000000001000
1111111110000101
1111111100010110
1111111101111110
1111111110000001
1111111100011010
1111111100000110
1111111011111011
1111111011010111
1111111100001011
1111111100111010
1111111101000101
1111111101011000
1111111101110000
1111111110110000
1111111101101001
1111111110101100
1111111111000111
0000000000001010
0000000000101010
0000000001011010
0000000001001110
0000000000111110
0000000010010011
